# 2021 contractors
joe <- 43
anastasiia <- 50.33 + 23.1
jostein <- 0.5
matthew <- 43 + 80 + 6

total_hours_worked <- jostein + anastasiia + matthew + joe
po202709452 <- 1143.39 + 11356.61
po202763110 <- 12450
total_usd <- po202709452 + po202763110

total_hours_to_work <- total_usd / 75
total_hours_remaining <- total_hours_to_work - total_hours_worked
